(252,253)(253,254)(254,255)(256,257)(257,258)(258,259)(260,261)(261,262)(262,263)(264,265)(265,266)(266,267)(268,269)  252,261,273
(221,222)(223,224)(224,225)(225,226)(227,228)(228,229)(229,230)(231,232)(232,233)(233,234)(235,236)(236,237)(237,238)  221,238,250
(223,224)(224,225)(225,226)(227,228)(228,229)(229,230)(231,232)(232,233)(233,234)(235,236)(236,237)(237,238)(239,240)  223,239,251
(309,310)(310,311)(311,312)(313,314)(314,315)(315,316)(317,318)(318,319)(319,320)(320,321)(322,323)(323,324)(324,325)  53,304,316
(309,310)(310,311)(311,312)(313,314)(314,315)(315,316)(317,318)(318,319)(319,320)(320,321)(322,323)(323,324)(324,325)  53,304,316
(307,308)(309,310)(310,311)(311,312)(313,314)(314,315)(315,316)(317,318)(318,319)(319,320)(320,321)(322,323)(323,324)  51,303,315
(307,308)(309,310)(310,311)(311,312)(313,314)(314,315)(315,316)(317,318)(318,319)(319,320)(320,321)(322,323)(323,324)  51,303,315
(305,306)(306,307)(307,308)(309,310)(310,311)(311,312)(313,314)(314,315)(315,316)(317,318)(318,319)(319,320)(320,321)(322,323)  49,301,314
(305,306)(306,307)(307,308)(309,310)(310,311)(311,312)(313,314)(314,315)(315,316)(317,318)(318,319)(319,320)(320,321)(322,323)  49,301,314
(306,307)(307,308)(309,310)(310,311)(311,312)(313,314)(314,315)(315,316)(317,318)(318,319)(319,320)(320,321)(322,323)  50,302,314
(306,307)(307,308)(309,310)(310,311)(311,312)(313,314)(314,315)(315,316)(317,318)(318,319)(319,320)(320,321)(322,323)  50,302,314
(307,308)(309,310)(310,311)(311,312)(313,314)(314,315)(315,316)(317,318)(318,319)(319,320)(320,321)(322,323)(323,324)  51,303,315
(307,308)(309,310)(310,311)(311,312)(313,314)(314,315)(315,316)(317,318)(318,319)(319,320)(320,321)(322,323)(323,324)  51,303,315
(297,298)(298,299)(300,301)(301,302)(302,303)(303,304)(305,306)(306,307)(307,308)(309,310)(310,311)(311,312)(313,314)  41,295,307
(297,298)(298,299)(300,301)(301,302)(302,303)(303,304)(305,306)(306,307)(307,308)(309,310)(310,311)(311,312)(313,314)  41,295,307
(292,293)(293,294)(294,295)(296,297)(297,298)(298,299)(300,301)(301,302)(302,303)(303,304)(305,306)(306,307)(307,308)(309,310)  36,291,304
(292,293)(293,294)(294,295)(296,297)(297,298)(298,299)(300,301)(301,302)(302,303)(303,304)(305,306)(306,307)(307,308)(309,310)  36,291,304
(300,301)(301,302)(302,303)(303,304)(305,306)(306,307)(307,308)(309,310)(310,311)(311,312)(313,314)(314,315)(315,316)  44,297,309
(297,298)(298,299)(300,301)(301,302)(302,303)(303,304)(305,306)(306,307)(307,308)(309,310)(310,311)(311,312)(313,314)  41,295,307
(236,237)(237,238)(239,240)(240,241)(241,242)(243,244)(244,245)(245,246)(247,248)(248,249)(249,250)(250,251)(252,253)  236,249,261
(237,238)(239,240)(240,241)(241,242)(243,244)(244,245)(245,246)(247,248)(248,249)(249,250)(250,251)(252,253)(253,254)  237,250,262
(237,238)(239,240)(240,241)(241,242)(243,244)(244,245)(245,246)(247,248)(248,249)(249,250)(250,251)(252,253)(253,254)  237,250,262
(235,236)(236,237)(237,238)(239,240)(240,241)(241,242)(243,244)(244,245)(245,246)(247,248)(248,249)(249,250)(250,251)  235,248,260
(235,236)(236,237)(237,238)(239,240)(240,241)(241,242)(243,244)(244,245)(245,246)(247,248)(248,249)(249,250)(250,251)  235,248,260
(235,236)(236,237)(237,238)(239,240)(240,241)(241,242)(243,244)(244,245)(245,246)(247,248)(248,249)(249,250)(250,251)  235,248,260
(235,236)(236,237)(237,238)(239,240)(240,241)(241,242)(243,244)(244,245)(245,246)(247,248)(248,249)(249,250)(250,251)  235,248,260
(231,232)(232,233)(233,234)(235,236)(236,237)(237,238)(239,240)(240,241)(241,242)(243,244)(244,245)(245,246)(247,248)  231,245,257
(231,232)(232,233)(233,234)(235,236)(236,237)(237,238)(239,240)(240,241)(241,242)(243,244)(244,245)(245,246)(247,248)  231,245,257
(235,236)(236,237)(237,238)(239,240)(240,241)(241,242)(243,244)(244,245)(245,246)(247,248)(248,249)(249,250)(250,251)(252,253)  235,248,261
(235,236)(236,237)(237,238)(239,240)(240,241)(241,242)(243,244)(244,245)(245,246)(247,248)(248,249)(249,250)(250,251)(252,253)  235,248,261
(231,232)(232,233)(233,234)(235,236)(236,237)(237,238)(239,240)(240,241)(241,242)(243,244)(244,245)(245,246)(247,248)  231,245,257
(231,232)(232,233)(233,234)(235,236)(236,237)(237,238)(239,240)(240,241)(241,242)(243,244)(244,245)(245,246)(247,248)  231,245,257
(225,226)(227,228)(228,229)(229,230)(231,232)(232,233)(233,234)(235,236)(236,237)(237,238)(239,240)(240,241)(241,242)  225,241,253
(225,226)(227,228)(228,229)(229,230)(231,232)(232,233)(233,234)(235,236)(236,237)(237,238)(239,240)(240,241)(241,242)  225,241,253
(228,229)(229,230)(231,232)(232,233)(233,234)(235,236)(236,237)(237,238)(239,240)(240,241)(241,242)(243,244)(244,245)  228,243,255
(228,229)(229,230)(231,232)(232,233)(233,234)(235,236)(236,237)(237,238)(239,240)(240,241)(241,242)(243,244)(244,245)  228,243,255
(229,230)(231,232)(232,233)(233,234)(235,236)(236,237)(237,238)(239,240)(240,241)(241,242)(243,244)(244,245)(245,246)  229,244,256
(229,230)(231,232)(232,233)(233,234)(235,236)(236,237)(237,238)(239,240)(240,241)(241,242)(243,244)(244,245)(245,246)  229,244,256
(225,226)(227,228)(228,229)(229,230)(231,232)(232,233)(233,234)(235,236)(236,237)(237,238)(239,240)(240,241)(241,242)  225,241,253
(227,228)(228,229)(229,230)(231,232)(232,233)(233,234)(235,236)(236,237)(237,238)(239,240)(240,241)(241,242)(243,244)  227,242,254
(219,220)(220,221)(221,222)(223,224)(224,225)(225,226)(227,228)(228,229)(229,230)(231,232)(232,233)(233,234)(235,236)  219,236,248
(219,220)(220,221)(221,222)(223,224)(224,225)(225,226)(227,228)(228,229)(229,230)(231,232)(232,233)(233,234)(235,236)  219,236,248
(219,220)(220,221)(221,222)(223,224)(224,225)(225,226)(227,228)(228,229)(229,230)(231,232)(232,233)(233,234)(235,236)  219,236,248
(219,220)(220,221)(221,222)(223,224)(224,225)(225,226)(227,228)(228,229)(229,230)(231,232)(232,233)(233,234)(235,236)  219,236,248
(220,221)(221,222)(223,224)(224,225)(225,226)(227,228)(228,229)(229,230)(231,232)(232,233)(233,234)(235,236)(236,237)  220,237,249
(220,221)(221,222)(223,224)(224,225)(225,226)(227,228)(228,229)(229,230)(231,232)(232,233)(233,234)(235,236)(236,237)  220,237,249
(216,217)(217,218)(219,220)(220,221)(221,222)(223,224)(224,225)(225,226)(227,228)(228,229)(229,230)(231,232)(232,233)  216,234,246
(216,217)(217,218)(219,220)(220,221)(221,222)(223,224)(224,225)(225,226)(227,228)(228,229)(229,230)(231,232)(232,233)  216,234,246
(210,211)(211,212)(212,213)(213,214)(215,216)(216,217)(217,218)(219,220)(220,221)(221,222)(223,224)(224,225)(225,226)  210,229,241
(210,211)(211,212)(212,213)(213,214)(215,216)(216,217)(217,218)(219,220)(220,221)(221,222)(223,224)(224,225)(225,226)  210,229,241
(210,211)(211,212)(212,213)(213,214)(215,216)(216,217)(217,218)(219,220)(220,221)(221,222)(223,224)(224,225)(225,226)  210,229,241
(210,211)(211,212)(212,213)(213,214)(215,216)(216,217)(217,218)(219,220)(220,221)(221,222)(223,224)(224,225)(225,226)  210,229,241
(250,251)(252,253)(253,254)(254,255)(256,257)(257,258)(258,259)(260,261)(261,262)(262,263)(264,265)(265,266)(266,267)  250,260,272
(243,244)(244,245)(245,246)(247,248)(248,249)(249,250)(250,251)(252,253)(253,254)(254,255)(256,257)(257,258)(258,259)(260,261)  243,254,267
(217,218)(219,220)(220,221)(221,222)(223,224)(224,225)(225,226)(227,228)(228,229)(229,230)(231,232)(232,233)(233,234)  217,235,247
(217,218)(219,220)(220,221)(221,222)(223,224)(224,225)(225,226)(227,228)(228,229)(229,230)(231,232)(232,233)(233,234)  217,235,247
(244,245)(245,246)(247,248)(248,249)(249,250)(250,251)(252,253)(253,254)(254,255)(256,257)(257,258)(258,259)(260,261)  244,255,267
(244,245)(245,246)(247,248)(248,249)(249,250)(250,251)(252,253)(253,254)(254,255)(256,257)(257,258)(258,259)(260,261)  244,255,267
(252,253)(253,254)(254,255)(256,257)(257,258)(258,259)(260,261)(261,262)(262,263)(264,265)(265,266)(266,267)(268,269)  252,261,273
(252,253)(253,254)(254,255)(256,257)(257,258)(258,259)(260,261)(261,262)(262,263)(264,265)(265,266)(266,267)(268,269)  252,261,273
(254,255)(256,257)(257,258)(258,259)(260,261)(261,262)(262,263)(264,265)(265,266)(266,267)(268,269)(269,270)(270,271)  254,263,275
(254,255)(256,257)(257,258)(258,259)(260,261)(261,262)(262,263)(264,265)(265,266)(266,267)(268,269)(269,270)(270,271)  254,263,275
(252,253)(253,254)(254,255)(256,257)(257,258)(258,259)(260,261)(261,262)(262,263)(264,265)(265,266)(266,267)(268,269)  252,261,273
(252,253)(253,254)(254,255)(256,257)(257,258)(258,259)(260,261)(261,262)(262,263)(264,265)(265,266)(266,267)(268,269)  252,261,273
(254,255)(256,257)(257,258)(258,259)(260,261)(261,262)(262,263)(264,265)(265,266)(266,267)(268,269)(269,270)(270,271)  254,263,275
(254,255)(256,257)(257,258)(258,259)(260,261)(261,262)(262,263)(264,265)(265,266)(266,267)(268,269)(269,270)(270,271)  254,263,275
(253,254)(254,255)(256,257)(257,258)(258,259)(260,261)(261,262)(262,263)(264,265)(265,266)(266,267)(268,269)(269,270)  253,262,274
(253,254)(254,255)(256,257)(257,258)(258,259)(260,261)(261,262)(262,263)(264,265)(265,266)(266,267)(268,269)(269,270)  253,262,274
(256,257)(257,258)(258,259)(260,261)(261,262)(262,263)(264,265)(265,266)(266,267)(268,269)(269,270)(270,271)(272,273)  0,264,276
(256,257)(257,258)(258,259)(260,261)(261,262)(262,263)(264,265)(265,266)(266,267)(268,269)(269,270)(270,271)(272,273)  0,264,276
(258,259)(260,261)(261,262)(262,263)(264,265)(265,266)(266,267)(268,269)(269,270)(270,271)(272,273)(273,274)(274,275)  2,266,278
(260,261)(261,262)(262,263)(264,265)(265,266)(266,267)(268,269)(269,270)(270,271)(272,273)(273,274)(274,275)(276,277)  4,267,279
(258,259)(260,261)(261,262)(262,263)(264,265)(265,266)(266,267)(268,269)(269,270)(270,271)(272,273)(273,274)(274,275)  2,266,278
(258,259)(260,261)(261,262)(262,263)(264,265)(265,266)(266,267)(268,269)(269,270)(270,271)(272,273)(273,274)(274,275)  2,266,278
(258,259)(260,261)(261,262)(262,263)(264,265)(265,266)(266,267)(268,269)(269,270)(270,271)(272,273)(273,274)(274,275)  2,266,278
(258,259)(260,261)(261,262)(262,263)(264,265)(265,266)(266,267)(268,269)(269,270)(270,271)(272,273)(273,274)(274,275)  2,266,278
(258,259)(260,261)(261,262)(262,263)(264,265)(265,266)(266,267)(268,269)(269,270)(270,271)(272,273)(273,274)(274,275)  2,266,278
(258,259)(260,261)(261,262)(262,263)(264,265)(265,266)(266,267)(268,269)(269,270)(270,271)(272,273)(273,274)(274,275)  2,266,278
(252,253)(253,254)(254,255)(256,257)(257,258)(258,259)(260,261)(261,262)(262,263)(264,265)(265,266)(266,267)(268,269)  252,261,273
(252,253)(253,254)(254,255)(256,257)(257,258)(258,259)(260,261)(261,262)(262,263)(264,265)(265,266)(266,267)(268,269)  252,261,273
(254,255)(256,257)(257,258)(258,259)(260,261)(261,262)(262,263)(264,265)(265,266)(266,267)(268,269)(269,270)(270,271)  254,263,275
(254,255)(256,257)(257,258)(258,259)(260,261)(261,262)(262,263)(264,265)(265,266)(266,267)(268,269)(269,270)(270,271)  254,263,275
(256,257)(257,258)(258,259)(260,261)(261,262)(262,263)(264,265)(265,266)(266,267)(268,269)(269,270)(270,271)(272,273)  0,264,276
(256,257)(257,258)(258,259)(260,261)(261,262)(262,263)(264,265)(265,266)(266,267)(268,269)(269,270)(270,271)(272,273)  0,264,276
(252,253)(253,254)(254,255)(256,257)(257,258)(258,259)(260,261)(261,262)(262,263)(264,265)(265,266)(266,267)(268,269)  252,261,273
(252,253)(253,254)(254,255)(256,257)(257,258)(258,259)(260,261)(261,262)(262,263)(264,265)(265,266)(266,267)(268,269)  252,261,273
(252,253)(253,254)(254,255)(256,257)(257,258)(258,259)(260,261)(261,262)(262,263)(264,265)(265,266)(266,267)(268,269)  252,261,273
(252,253)(253,254)(254,255)(256,257)(257,258)(258,259)(260,261)(261,262)(262,263)(264,265)(265,266)(266,267)(268,269)  252,261,273
(250,251)(252,253)(253,254)(254,255)(256,257)(257,258)(258,259)(260,261)(261,262)(262,263)(264,265)(265,266)(266,267)  250,260,272
(250,251)(252,253)(253,254)(254,255)(256,257)(257,258)(258,259)(260,261)(261,262)(262,263)(264,265)(265,266)(266,267)  250,260,272
(249,250)(250,251)(252,253)(253,254)(254,255)(256,257)(257,258)(258,259)(260,261)(261,262)(262,263)(264,265)(265,266)  249,259,271
(248,249)(249,250)(250,251)(252,253)(253,254)(254,255)(256,257)(257,258)(258,259)(260,261)(261,262)(262,263)(264,265)  248,258,270
(254,255)(256,257)(257,258)(258,259)(260,261)(261,262)(262,263)(264,265)(265,266)(266,267)(268,269)(269,270)(270,271)  254,263,275
(254,255)(256,257)(257,258)(258,259)(260,261)(261,262)(262,263)(264,265)(265,266)(266,267)(268,269)(269,270)(270,271)  254,263,275
(252,253)(253,254)(254,255)(256,257)(257,258)(258,259)(260,261)(261,262)(262,263)(264,265)(265,266)(266,267)(268,269)  252,261,273
(252,253)(253,254)(254,255)(256,257)(257,258)(258,259)(260,261)(261,262)(262,263)(264,265)(265,266)(266,267)(268,269)  252,261,273
