(28,29)(28,29)(29,30)(30,31)(30,31)(31,32)(32,33)(32,33)(33,34)(34,35)(34,35)(35,36)(36,37)(37,38)(37,38)(38,39)(39,40)(40,41)(40,41)(41,42)(42,43)(43,44)(44,45)  28,56,78
(24,25)(24,25)(25,26)(26,27)(26,27)(27,28)(28,29)(28,29)(29,30)(30,31)(30,31)(31,32)(32,33)(32,33)(33,34)(34,35)(34,35)(35,36)(36,37)(37,38)(37,38)(38,39)(39,40)(40,41)  24,50,73
(26,27)(26,27)(27,28)(28,29)(28,29)(29,30)(30,31)(30,31)(31,32)(32,33)(32,33)(33,34)(34,35)(34,35)(35,36)(36,37)(37,38)(37,38)(38,39)(39,40)(40,41)(40,41)(41,42)(42,43)  26,53,76
(28,29)(28,29)(29,30)(30,31)(30,31)(31,32)(32,33)(32,33)(33,34)(34,35)(34,35)(35,36)(36,37)(37,38)(37,38)(38,39)(39,40)(40,41)(40,41)(41,42)(42,43)(43,44)(44,45)  28,56,78
(26,27)(26,27)(27,28)(28,29)(28,29)(29,30)(30,31)(30,31)(31,32)(32,33)(32,33)(33,34)(34,35)(34,35)(35,36)(36,37)(37,38)(37,38)(38,39)(39,40)(40,41)(40,41)(41,42)(42,43)  26,53,76
(23,24)(24,25)(24,25)(25,26)(26,27)(26,27)(27,28)(28,29)(28,29)(29,30)(30,31)(30,31)(31,32)(32,33)(32,33)(33,34)(34,35)(34,35)(35,36)(36,37)(37,38)(37,38)(38,39)(39,40)  23,49,72
(23,24)(24,25)(24,25)(25,26)(26,27)(26,27)(27,28)(28,29)(28,29)(29,30)(30,31)(30,31)(31,32)(32,33)(32,33)(33,34)(34,35)(34,35)(35,36)(36,37)(37,38)(37,38)(38,39)(39,40)  23,49,72
(14,15)(14,15)(15,16)(15,16)(16,17)(16,17)(17,18)(18,19)(18,19)(19,20)(19,20)(20,21)(21,22)(21,22)(22,23)(22,23)(23,24)(24,25)(24,25)(25,26)(26,27)(26,27)(27,28)(28,29)(28,29)(29,30)(30,31)  14,33,59
(17,18)(18,19)(18,19)(19,20)(19,20)(20,21)(21,22)(21,22)(22,23)(22,23)(23,24)(24,25)(24,25)(25,26)(26,27)(26,27)(27,28)(28,29)(28,29)(29,30)(30,31)(30,31)(31,32)(32,33)(32,33)(33,34)  17,39,64
(16,17)(16,17)(17,18)(18,19)(18,19)(19,20)(19,20)(20,21)(21,22)(21,22)(22,23)(22,23)(23,24)(24,25)(24,25)(25,26)(26,27)(26,27)(27,28)(28,29)(28,29)(29,30)(30,31)(30,31)(31,32)(32,33)  16,37,62
(19,20)(19,20)(20,21)(21,22)(21,22)(22,23)(22,23)(23,24)(24,25)(24,25)(25,26)(26,27)(26,27)(27,28)(28,29)(28,29)(29,30)(30,31)(30,31)(31,32)(32,33)(32,33)(33,34)(34,35)(34,35)(35,36)  19,42,67
(18,19)(18,19)(19,20)(19,20)(20,21)(21,22)(21,22)(22,23)(22,23)(23,24)(24,25)(24,25)(25,26)(26,27)(26,27)(27,28)(28,29)(28,29)(29,30)(30,31)(30,31)(31,32)(32,33)(32,33)(33,34)(34,35)  18,40,65
(23,24)(24,25)(24,25)(25,26)(26,27)(26,27)(27,28)(28,29)(28,29)(29,30)(30,31)(30,31)(31,32)(32,33)(32,33)(33,34)(34,35)(34,35)(35,36)(36,37)(37,38)(37,38)(38,39)(39,40)  23,49,72
(23,24)(24,25)(24,25)(25,26)(26,27)(26,27)(27,28)(28,29)(28,29)(29,30)(30,31)(30,31)(31,32)(32,33)(32,33)(33,34)(34,35)(34,35)(35,36)(36,37)(37,38)(37,38)(38,39)(39,40)  23,49,72
(24,25)(24,25)(25,26)(26,27)(26,27)(27,28)(28,29)(28,29)(29,30)(30,31)(30,31)(31,32)(32,33)(32,33)(33,34)(34,35)(34,35)(35,36)(36,37)(37,38)(37,38)(38,39)(39,40)(40,41)  24,50,73
(22,23)(22,23)(23,24)(24,25)(24,25)(25,26)(26,27)(26,27)(27,28)(28,29)(28,29)(29,30)(30,31)(30,31)(31,32)(32,33)(32,33)(33,34)(34,35)(34,35)(35,36)(36,37)(37,38)(37,38)(38,39)  22,47,71
(20,21)(21,22)(21,22)(22,23)(22,23)(23,24)(24,25)(24,25)(25,26)(26,27)(26,27)(27,28)(28,29)(28,29)(29,30)(30,31)(30,31)(31,32)(32,33)(32,33)(33,34)(34,35)(34,35)(35,36)(36,37)  20,44,68
(13,14)(13,14)(14,15)(14,15)(15,16)(15,16)(16,17)(16,17)(17,18)(18,19)(18,19)(19,20)(19,20)(20,21)(21,22)(21,22)(22,23)(22,23)(23,24)(24,25)(24,25)(25,26)(26,27)(26,27)(27,28)(28,29)(28,29)(29,30)  13,31,58
(7,8)(7,8)(8,9)(8,9)(9,10)(9,10)(10,11)(10,11)(11,12)(11,12)(12,13)(12,13)(13,14)(13,14)(14,15)(14,15)(15,16)(15,16)(16,17)(16,17)(17,18)(18,19)(18,19)(19,20)(19,20)(20,21)(21,22)(21,22)(22,23)(22,23)(23,24)  7,19,49
(10,11)(10,11)(11,12)(11,12)(12,13)(12,13)(13,14)(13,14)(14,15)(14,15)(15,16)(15,16)(16,17)(16,17)(17,18)(18,19)(18,19)(19,20)(19,20)(20,21)(21,22)(21,22)(22,23)(22,23)(23,24)(24,25)(24,25)(25,26)(26,27)  10,25,53
