(0.608,0.392)(0.283,0.717)(0.958,0.042)(0.631,0.369)(0.305,0.695)(0.978,0.022)(0.650,0.350)(0.323,0.677)(0.994,0.006)(0.666,0.334)(0.337,0.663)(0.008,0.992)(0.679,0.321)
(236,237)(237,238)(239,240)(240,241)(241,242)(243,244)(244,245)(245,246)(247,248)(248,249)(249,250)(250,251)(252,253)  236,249,261
(0.631,0.369)(0.305,0.695)(0.978,0.022)(0.650,0.350)(0.323,0.677)(0.994,0.006)(0.666,0.334)(0.337,0.663)(0.008,0.992)(0.679,0.321)(0.349,0.651)(0.020,0.980)(0.690,0.310)
(240,241)(241,242)(243,244)(244,245)(245,246)(247,248)(248,249)(249,250)(250,251)(252,253)(253,254)(254,255)(256,257)  240,252,264
(0.978,0.022)(0.650,0.350)(0.323,0.677)(0.994,0.006)(0.666,0.334)(0.337,0.663)(0.008,0.992)(0.679,0.321)(0.349,0.651)(0.020,0.980)(0.690,0.310)(0.360,0.640)(0.030,0.970)
(243,244)(244,245)(245,246)(247,248)(248,249)(249,250)(250,251)(252,253)(253,254)(254,255)(256,257)(257,258)(258,259)  243,254,266
(0.978,0.022)(0.650,0.350)(0.323,0.677)(0.994,0.006)(0.666,0.334)(0.337,0.663)(0.008,0.992)(0.679,0.321)(0.349,0.651)(0.020,0.980)(0.690,0.310)(0.360,0.640)(0.030,0.970)
(243,244)(244,245)(245,246)(247,248)(248,249)(249,250)(250,251)(252,253)(253,254)(254,255)(256,257)(257,258)(258,259)  243,254,266
(0.978,0.022)(0.650,0.350)(0.323,0.677)(0.994,0.006)(0.666,0.334)(0.337,0.663)(0.008,0.992)(0.679,0.321)(0.349,0.651)(0.020,0.980)(0.690,0.310)(0.360,0.640)(0.030,0.970)
(243,244)(244,245)(245,246)(247,248)(248,249)(249,250)(250,251)(252,253)(253,254)(254,255)(256,257)(257,258)(258,259)  243,254,266
(0.994,0.006)(0.666,0.334)(0.337,0.663)(0.008,0.992)(0.679,0.321)(0.349,0.651)(0.020,0.980)(0.690,0.310)(0.360,0.640)(0.030,0.970)(0.701,0.299)(0.371,0.629)(0.041,0.959)
(247,248)(248,249)(249,250)(250,251)(252,253)(253,254)(254,255)(256,257)(257,258)(258,259)(260,261)(261,262)(262,263)  247,257,269
(0.337,0.663)(0.008,0.992)(0.679,0.321)(0.349,0.651)(0.020,0.980)(0.690,0.310)(0.360,0.640)(0.030,0.970)(0.701,0.299)(0.371,0.629)(0.041,0.959)(0.711,0.289)(0.381,0.619)
(249,250)(250,251)(252,253)(253,254)(254,255)(256,257)(257,258)(258,259)(260,261)(261,262)(262,263)(264,265)(265,266)  249,259,271
(0.679,0.321)(0.349,0.651)(0.020,0.980)(0.690,0.310)(0.360,0.640)(0.030,0.970)(0.701,0.299)(0.371,0.629)(0.041,0.959)(0.711,0.289)(0.381,0.619)(0.052,0.948)(0.723,0.277)
(252,253)(253,254)(254,255)(256,257)(257,258)(258,259)(260,261)(261,262)(262,263)(264,265)(265,266)(266,267)(268,269)  252,261,273
(0.337,0.663)(0.008,0.992)(0.679,0.321)(0.349,0.651)(0.020,0.980)(0.690,0.310)(0.360,0.640)(0.030,0.970)(0.701,0.299)(0.371,0.629)(0.041,0.959)(0.711,0.289)(0.381,0.619)
(249,250)(250,251)(252,253)(253,254)(254,255)(256,257)(257,258)(258,259)(260,261)(261,262)(262,263)(264,265)(265,266)  249,259,271
(0.008,0.992)(0.679,0.321)(0.349,0.651)(0.020,0.980)(0.690,0.310)(0.360,0.640)(0.030,0.970)(0.701,0.299)(0.371,0.629)(0.041,0.959)(0.711,0.289)(0.381,0.619)(0.052,0.948)
(250,251)(252,253)(253,254)(254,255)(256,257)(257,258)(258,259)(260,261)(261,262)(262,263)(264,265)(265,266)(266,267)  250,260,272
(0.349,0.651)(0.020,0.980)(0.690,0.310)(0.360,0.640)(0.030,0.970)(0.701,0.299)(0.371,0.629)(0.041,0.959)(0.711,0.289)(0.381,0.619)(0.052,0.948)(0.723,0.277)(0.393,0.607)
(253,254)(254,255)(256,257)(257,258)(258,259)(260,261)(261,262)(262,263)(264,265)(265,266)(266,267)(268,269)(269,270)  253,262,274
(0.360,0.640)(0.030,0.970)(0.701,0.299)(0.371,0.629)(0.041,0.959)(0.711,0.289)(0.381,0.619)(0.052,0.948)(0.723,0.277)(0.393,0.607)(0.065,0.935)(0.736,0.264)(0.408,0.592)
(257,258)(258,259)(260,261)(261,262)(262,263)(264,265)(265,266)(266,267)(268,269)(269,270)(270,271)(272,273)(273,274)  1,265,277
(0.701,0.299)(0.371,0.629)(0.041,0.959)(0.711,0.289)(0.381,0.619)(0.052,0.948)(0.723,0.277)(0.393,0.607)(0.065,0.935)(0.736,0.264)(0.408,0.592)(0.080,0.920)(0.752,0.248)
(260,261)(261,262)(262,263)(264,265)(265,266)(266,267)(268,269)(269,270)(270,271)(272,273)(273,274)(274,275)(276,277)  4,267,279
(0.944,0.056)(0.636,0.364)(0.328,0.672)(0.018,0.982)(0.708,0.292)(0.396,0.604)(0.083,0.917)(0.769,0.231)(0.454,0.546)(0.138,0.862)(0.821,0.179)(0.503,0.497)(0.185,0.815)(0.865,0.135)
(210,211)(211,212)(212,213)(213,214)(215,216)(216,217)(217,218)(219,220)(220,221)(221,222)(223,224)(224,225)(225,226)(227,228)  210,229,242
(0.825,0.175)(0.503,0.497)(0.182,0.818)(0.861,0.139)(0.541,0.459)(0.222,0.778)(0.904,0.096)(0.586,0.414)(0.270,0.730)(0.954,0.045)(0.640,0.360)(0.327,0.673)(0.014,0.986)
(288,289)(289,290)(290,291)(292,293)(293,294)(294,295)(296,297)(297,298)(298,299)(300,301)(301,302)(302,303)(303,304)  32,288,300
(0.120,0.880)(0.796,0.204)(0.471,0.528)(0.148,0.852)(0.825,0.175)(0.503,0.497)(0.182,0.818)(0.861,0.139)(0.541,0.459)(0.222,0.778)(0.904,0.096)(0.586,0.414)(0.270,0.730)
(282,283)(284,285)(285,286)(286,287)(288,289)(289,290)(290,291)(292,293)(293,294)(294,295)(296,297)(297,298)(298,299)  26,284,296
(0.120,0.880)(0.796,0.204)(0.471,0.528)(0.148,0.852)(0.825,0.175)(0.503,0.497)(0.182,0.818)(0.861,0.139)(0.541,0.459)(0.222,0.778)(0.904,0.096)(0.586,0.414)(0.270,0.730)
(282,283)(284,285)(285,286)(286,287)(288,289)(289,290)(290,291)(292,293)(293,294)(294,295)(296,297)(297,298)(298,299)  26,284,296
(0.098,0.902)(0.772,0.228)(0.446,0.554)(0.120,0.880)(0.796,0.204)(0.471,0.528)(0.148,0.852)(0.825,0.175)(0.503,0.497)(0.182,0.818)(0.861,0.139)(0.541,0.459)(0.222,0.778)
(278,279)(280,281)(281,282)(282,283)(284,285)(285,286)(286,287)(288,289)(289,290)(290,291)(292,293)(293,294)(294,295)  22,281,293
(0.752,0.248)(0.425,0.575)(0.098,0.902)(0.772,0.228)(0.446,0.554)(0.120,0.880)(0.796,0.204)(0.471,0.528)(0.148,0.852)(0.825,0.175)(0.503,0.497)(0.182,0.818)(0.861,0.139)
(276,277)(277,278)(278,279)(280,281)(281,282)(282,283)(284,285)(285,286)(286,287)(288,289)(289,290)(290,291)(292,293)  20,279,291
(0.098,0.902)(0.772,0.228)(0.446,0.554)(0.120,0.880)(0.796,0.204)(0.471,0.528)(0.148,0.852)(0.825,0.175)(0.503,0.497)(0.182,0.818)(0.861,0.139)(0.541,0.459)(0.222,0.778)
(278,279)(280,281)(281,282)(282,283)(284,285)(285,286)(286,287)(288,289)(289,290)(290,291)(292,293)(293,294)(294,295)  22,281,293
(0.796,0.204)(0.471,0.528)(0.148,0.852)(0.825,0.175)(0.503,0.497)(0.182,0.818)(0.861,0.139)(0.541,0.459)(0.222,0.778)(0.904,0.096)(0.586,0.414)(0.270,0.730)(0.954,0.045)
(284,285)(285,286)(286,287)(288,289)(289,290)(290,291)(292,293)(293,294)(294,295)(296,297)(297,298)(298,299)(300,301)  28,285,297
(0.446,0.554)(0.120,0.880)(0.796,0.204)(0.471,0.528)(0.148,0.852)(0.825,0.175)(0.503,0.497)(0.182,0.818)(0.861,0.139)(0.541,0.459)(0.222,0.778)(0.904,0.096)(0.586,0.414)
(281,282)(282,283)(284,285)(285,286)(286,287)(288,289)(289,290)(290,291)(292,293)(293,294)(294,295)(296,297)(297,298)  25,283,295
(0.772,0.228)(0.446,0.554)(0.120,0.880)(0.796,0.204)(0.471,0.528)(0.148,0.852)(0.825,0.175)(0.503,0.497)(0.182,0.818)(0.861,0.139)(0.541,0.459)(0.222,0.778)(0.904,0.096)
(280,281)(281,282)(282,283)(284,285)(285,286)(286,287)(288,289)(289,290)(290,291)(292,293)(293,294)(294,295)(296,297)  24,282,294
(0.098,0.902)(0.772,0.228)(0.446,0.554)(0.120,0.880)(0.796,0.204)(0.471,0.528)(0.148,0.852)(0.825,0.175)(0.503,0.497)(0.182,0.818)(0.861,0.139)(0.541,0.459)(0.222,0.778)
(278,279)(280,281)(281,282)(282,283)(284,285)(285,286)(286,287)(288,289)(289,290)(290,291)(292,293)(293,294)(294,295)  22,281,293
(0.752,0.248)(0.425,0.575)(0.098,0.902)(0.772,0.228)(0.446,0.554)(0.120,0.880)(0.796,0.204)(0.471,0.528)(0.148,0.852)(0.825,0.175)(0.503,0.497)(0.182,0.818)(0.861,0.139)
(276,277)(277,278)(278,279)(280,281)(281,282)(282,283)(284,285)(285,286)(286,287)(288,289)(289,290)(290,291)(292,293)  20,279,291
(0.080,0.920)(0.752,0.248)(0.425,0.575)(0.098,0.902)(0.772,0.228)(0.446,0.554)(0.120,0.880)(0.796,0.204)(0.471,0.528)(0.148,0.852)(0.825,0.175)(0.503,0.497)(0.182,0.818)
(274,275)(276,277)(277,278)(278,279)(280,281)(281,282)(282,283)(284,285)(285,286)(286,287)(288,289)(289,290)(290,291)  18,278,290
(0.752,0.248)(0.425,0.575)(0.098,0.902)(0.772,0.228)(0.446,0.554)(0.120,0.880)(0.796,0.204)(0.471,0.528)(0.148,0.852)(0.825,0.175)(0.503,0.497)(0.182,0.818)(0.861,0.139)
(276,277)(277,278)(278,279)(280,281)(281,282)(282,283)(284,285)(285,286)(286,287)(288,289)(289,290)(290,291)(292,293)  20,279,291
(0.080,0.920)(0.752,0.248)(0.425,0.575)(0.098,0.902)(0.772,0.228)(0.446,0.554)(0.120,0.880)(0.796,0.204)(0.471,0.528)(0.148,0.852)(0.825,0.175)(0.503,0.497)(0.182,0.818)
(274,275)(276,277)(277,278)(278,279)(280,281)(281,282)(282,283)(284,285)(285,286)(286,287)(288,289)(289,290)(290,291)  18,278,290
(0.393,0.607)(0.065,0.935)(0.736,0.264)(0.408,0.592)(0.080,0.920)(0.752,0.248)(0.425,0.575)(0.098,0.902)(0.772,0.228)(0.446,0.554)(0.120,0.880)(0.796,0.204)(0.471,0.528)
(269,270)(270,271)(272,273)(273,274)(274,275)(276,277)(277,278)(278,279)(280,281)(281,282)(282,283)(284,285)(285,286)  13,274,286
(0.736,0.264)(0.408,0.592)(0.080,0.920)(0.752,0.248)(0.425,0.575)(0.098,0.902)(0.772,0.228)(0.446,0.554)(0.120,0.880)(0.796,0.204)(0.471,0.528)(0.148,0.852)(0.825,0.175)
(272,273)(273,274)(274,275)(276,277)(277,278)(278,279)(280,281)(281,282)(282,283)(284,285)(285,286)(286,287)(288,289)  16,276,288
(0.736,0.264)(0.408,0.592)(0.080,0.920)(0.752,0.248)(0.425,0.575)(0.098,0.902)(0.772,0.228)(0.446,0.554)(0.120,0.880)(0.796,0.204)(0.471,0.528)(0.148,0.852)(0.825,0.175)
(272,273)(273,274)(274,275)(276,277)(277,278)(278,279)(280,281)(281,282)(282,283)(284,285)(285,286)(286,287)(288,289)  16,276,288
(0.752,0.248)(0.425,0.575)(0.098,0.902)(0.772,0.228)(0.446,0.554)(0.120,0.880)(0.796,0.204)(0.471,0.528)(0.148,0.852)(0.825,0.175)(0.503,0.497)(0.182,0.818)(0.861,0.139)
(276,277)(277,278)(278,279)(280,281)(281,282)(282,283)(284,285)(285,286)(286,287)(288,289)(289,290)(290,291)(292,293)  20,279,291
(0.736,0.264)(0.408,0.592)(0.080,0.920)(0.752,0.248)(0.425,0.575)(0.098,0.902)(0.772,0.228)(0.446,0.554)(0.120,0.880)(0.796,0.204)(0.471,0.528)(0.148,0.852)(0.825,0.175)
(272,273)(273,274)(274,275)(276,277)(277,278)(278,279)(280,281)(281,282)(282,283)(284,285)(285,286)(286,287)(288,289)  16,276,288
(0.408,0.592)(0.080,0.920)(0.752,0.248)(0.425,0.575)(0.098,0.902)(0.772,0.228)(0.446,0.554)(0.120,0.880)(0.796,0.204)(0.471,0.528)(0.148,0.852)(0.825,0.175)(0.503,0.497)
(273,274)(274,275)(276,277)(277,278)(278,279)(280,281)(281,282)(282,283)(284,285)(285,286)(286,287)(288,289)(289,290)  17,277,289
(0.065,0.935)(0.736,0.264)(0.408,0.592)(0.080,0.920)(0.752,0.248)(0.425,0.575)(0.098,0.902)(0.772,0.228)(0.446,0.554)(0.120,0.880)(0.796,0.204)(0.471,0.528)(0.148,0.852)
(270,271)(272,273)(273,274)(274,275)(276,277)(277,278)(278,279)(280,281)(281,282)(282,283)(284,285)(285,286)(286,287)  14,275,287
(0.723,0.277)(0.393,0.607)(0.065,0.935)(0.736,0.264)(0.408,0.592)(0.080,0.920)(0.752,0.248)(0.425,0.575)(0.098,0.902)(0.772,0.228)(0.446,0.554)(0.120,0.880)(0.796,0.204)
(268,269)(269,270)(270,271)(272,273)(273,274)(274,275)(276,277)(277,278)(278,279)(280,281)(281,282)(282,283)(284,285)  12,273,285
(0.723,0.277)(0.393,0.607)(0.065,0.935)(0.736,0.264)(0.408,0.592)(0.080,0.920)(0.752,0.248)(0.425,0.575)(0.098,0.902)(0.772,0.228)(0.446,0.554)(0.120,0.880)(0.796,0.204)
(268,269)(269,270)(270,271)(272,273)(273,274)(274,275)(276,277)(277,278)(278,279)(280,281)(281,282)(282,283)(284,285)  12,273,285
(0.711,0.289)(0.381,0.619)(0.052,0.948)(0.723,0.277)(0.393,0.607)(0.065,0.935)(0.736,0.264)(0.408,0.592)(0.080,0.920)(0.752,0.248)(0.425,0.575)(0.098,0.902)(0.772,0.228)
(264,265)(265,266)(266,267)(268,269)(269,270)(270,271)(272,273)(273,274)(274,275)(276,277)(277,278)(278,279)(280,281)  8,270,282
(0.041,0.959)(0.711,0.289)(0.381,0.619)(0.052,0.948)(0.723,0.277)(0.393,0.607)(0.065,0.935)(0.736,0.264)(0.408,0.592)(0.080,0.920)(0.752,0.248)(0.425,0.575)(0.098,0.902)
(262,263)(264,265)(265,266)(266,267)(268,269)(269,270)(270,271)(272,273)(273,274)(274,275)(276,277)(277,278)(278,279)  6,269,281
(0.711,0.289)(0.381,0.619)(0.052,0.948)(0.723,0.277)(0.393,0.607)(0.065,0.935)(0.736,0.264)(0.408,0.592)(0.080,0.920)(0.752,0.248)(0.425,0.575)(0.098,0.902)(0.772,0.228)
(264,265)(265,266)(266,267)(268,269)(269,270)(270,271)(272,273)(273,274)(274,275)(276,277)(277,278)(278,279)(280,281)  8,270,282
(0.711,0.289)(0.381,0.619)(0.052,0.948)(0.723,0.277)(0.393,0.607)(0.065,0.935)(0.736,0.264)(0.408,0.592)(0.080,0.920)(0.752,0.248)(0.425,0.575)(0.098,0.902)(0.772,0.228)
(264,265)(265,266)(266,267)(268,269)(269,270)(270,271)(272,273)(273,274)(274,275)(276,277)(277,278)(278,279)(280,281)  8,270,282
(0.711,0.289)(0.381,0.619)(0.052,0.948)(0.723,0.277)(0.393,0.607)(0.065,0.935)(0.736,0.264)(0.408,0.592)(0.080,0.920)(0.752,0.248)(0.425,0.575)(0.098,0.902)(0.772,0.228)
(264,265)(265,266)(266,267)(268,269)(269,270)(270,271)(272,273)(273,274)(274,275)(276,277)(277,278)(278,279)(280,281)  8,270,282
(0.711,0.289)(0.381,0.619)(0.052,0.948)(0.723,0.277)(0.393,0.607)(0.065,0.935)(0.736,0.264)(0.408,0.592)(0.080,0.920)(0.752,0.248)(0.425,0.575)(0.098,0.902)(0.772,0.228)
(264,265)(265,266)(266,267)(268,269)(269,270)(270,271)(272,273)(273,274)(274,275)(276,277)(277,278)(278,279)(280,281)  8,270,282
