0
164
282
366
425
468
502
536
572
608
644
681
716
750
783
814
843
871
898
924
949
973
997
1020
1043
1065
1087
1108
1129
1150
1170
1190
1210
1229
1248
1267
1285
1303
1320
1338
1355
1372
1388
1405
1422
1438
1455
1471
1488
1504
1521
1537
1554
1571
1587
1604
1620
1636
1653
1669
1685
1700
1716
1731
1746
1760
1774
1788
1802
1816
1829
1842
1855
1867
1880
1892
1905
1917
1929
1941
1953
1965
1977
1988
2000
2012
2024
2036
2048
2060
2072
2084
2096
2108
2121
2133
2145
2157
2169
2181
2192
2204
2216
2228
2240
2251
2263
2274
2286
2297
2309
2320
2331
2343
2354
2365
2376
2387
2398
2409
2419
2430
2441
2452
2462
2473
2483
2494
2504
2515
2525
2535
2546
2556
2566
2576
2587
2597
2607
2617
2627
2637
2647
2657
2667
2676
2686
2696
2706
2716
2725
2735
2745
2755
2764
2774
2784
2793
2803
2812
2822
2832
2841
2851
2860
2870
2879
2888
2898
2907
2916
2926
2935
2944
2953
2962
2972
2981
2990
2999
3008
3017
3026
3035
3043
3052
3061
3070
3079
3087
3096
3105
3114
3122
3131
3139
3148
3157
3165
3174
3182
3191
3200
3208
3217
3225
3234
3243
3251
3260
3268
3277
3285
3294
3303
3311
3320
3328
3337
3346
3354
3363
3371
3380
3388
3397
3405
3414
3422
3431
3439
3448
3456
3464
3473
3481
3489
3498
3506
3514
3522
3531
3539
3547
3555
3563
3571
3579
3587
3595
3603
3611
3619
3627
3635
3643
3651
3659
3667
3674
3682
3690
3698
3706
3714
3722
3730
3737
3745
3753
3761
3769
3777
3785
3793
3801
3809
3816
3824
3832
3840
3848
3856
3864
3872
3879
3887
3895
3903
3911
3919
3927
3934
3942
3950
3958
3966
3973
3981
3989
3996
4004
4012
4020
4027
4035
4042
4050
4058
4065
4073
4080
4088
4095
4103
4111
4118
4126
4133
4141
4148
4156
4163
4170
4178
4185
4193
4200
4208
4215
4223
4230
4238
4245
4252
4260
4267
4275
4282
4290
4297
4305
4312
4320
4327
4334
4342
4349
4357
4364
4372
4379
4387
4394
4401
4409
4416
4424
4431
4439
4446
4453
4461
4468
4475
4483
4490
4498
4505
4512
4520
4527
4534
4542
4549
4556
4564
4571
4578
4586
4593
4600
4608
4615
4622
4629
4637
4644
4651
4659
4666
4673
4680
4688
4695
4702
4710
4717
4724
4731
4739
4746
4753
4761
4768
4775
4783
4790
4797
4804
4812
4819
4826
4834
4841
4848
4856
4863
4870
4877
4885
4892
4899
4906
4914
4921
4928
4935
4942
4950
4957
4964
4971
4978
4985
4992
4999
5006
5013
5020
5027
5034
5041
5048
5055
5062
5069
5076
5083
5090
5097
5104
5111
5118
5125
5132
5139
5146
5152
5159
5166
5173
5180
5187
5194
5201
5208
5215
5222
5230
5237
5244
5251
5258
5265
5272
5280
5287
5294
5301
5309
5316
5323
5331
5338
5345
5353
5360
5367
5375
5382
5389
5397
5404
5411
5419
5426
5433
5440
5448
5455
5462
5470
5477
5484
5491
5499
5506
5513
5520
5527
5534
5541
5548
5556
5563
5570
5577
5584
5591
5598
5605
5612
5619
5626
5633
5640
5647
5654
5661
5668
5675
5682
5689
5696
5703
5710
5717
5724
5731
5738
5745
5752
5760
5767
5774
5781
5788
5796
5803
5810
5817
5825
5832
5839
5846
5854
5861
5869
5876
5883
5891
5898
5906
5913
5920
5928
5935
5943
5950
5958
5966
5973
5981
5988
5996
6004
6011
6019
6027
6034
6042
6050
6057
6065
6073
6081
6088
6096
6104
6112
6119
6127
6135
6143
6151
6159
6167
6174
6182
6190
6198
6206
6214
6222
6230
6238
6246
6254
6262
6270
6278
6286
6294
6302
6310
6318
6326
6334
6342
6350
6358
6366
6374
6383
6391
6399
6407
6415
6423
6431
6439
6447
6455
6464
6472
6480
6488
6496
6504
6512
6520
6529
6537
6545
6553
6561
6569
6577
6585
6593
6601
6610
6618
6626
6634
6642
6650
6658
6666
6674
6683
6691
6699
6707
6715
6723
6731
6739
6747
6755
6763
6771
6779
6788
6796
6804
6812
6820
6828
6836
6844
6852
6860
6868
6876
6884
6892
6900
6908
6916
6924
6932
6940
6948
6956
6964
6972
6980
6988
6997
7005
7013
7021
7029
7037
7045
7053
7061
7069
7077
7085
7093
7101
7109
7117
7125
7133
7142
7150
7158
7166
7174
7183
7191
7199
7207
7216
7224
7233
7241
7249
7258
7266
7275
7283
7292
7301
7309
7318
7327
7335
7344
7353
7362
7370
7379
7388
7397
7406
7415
7423
7432
7441
7450
7459
7468
7477
7486
7495
7504
7513
7522
7531
7540
7549
7558
7567
7576
7585
7594
7603
7612
7621
7631
7640
7649
7659
7668
7678
7687
7697
7706
7716
7726
7736
7746
7756
7766
7776
7786
7797
7807
7817
7828
7838
7849
7859
7870
7880
7891
7902
7912
7923
7933
7944
7954
7965
7975
7986
7996
8007
8017
8027
8037
8048
8058
8068
8078
8088
8098
8108
8118
8128
8138
8148
8158
8168
8178
8189
8199
8209
8219
8229
8239
8249
8260
8270
8280
8291
8301
8311
8322
8332
8343
8354
8364
8375
8386
8397
8407
8418
8429
8440
8451
8463
8474
8485
8496
8508
8519
8531
8542
8554
8565
8577
8588
8600
8612
8623
8635
8647
8658
8670
8681
8693
8704
8716
8727
8739
8750
8761
8772
8783
8794
8806
8817
8828
8840
8852
8864
8877
8890
8903
8916
8931
8945
8960
8976
8992
9009
9027
9045
9063
9083
9103
9123
9144
9165
9186
9208
9230
9253
9275
9298
9321
9345
9368
9392
9416
9439
9464
9488
9512
9536
9561
9585
9610
9634
9659
9684
9709
9735
9761
9787
9813
9839
9866
9893
9920
9948
9976
10004
10033
10062
10092
10122
10153
10185
10218
10252
10287
10323
10360
10398
10438
10479
10521
10566
10612
10660
10709
10761
10816
10872
10931
10993
11058
11124
11193
11262
11332
11402
11472
11540
11608
11677
11750
11829
11915
12010
12114
12221
12323
12411
12479
12537
12623
12779
13047
13457
13955
14497
14988
15336
15590
15792
15960
16109
16249
16383